000 01 206 12 003
001 01 206 05 201
002 21 206 01 200
003 05 000 21 208
004 01 207 12 007
005 01 207 05 201
006 21 207 01 208
007 21 000 01 205
008 06 201 21 205
009 0F 000 01 204
00A 21 207 01 202
00B 21 205 0D 010

010 01 207 13 013
011 01 207 05 201
012 21 208 12 015
013 01 200 05 000
014 21 209 01 200
015 05 000 21 20A
016 06 209 06 201
017 10 018 0D 02A
018 00 000 01 208
019 12 01A 01 209
01A 21 000 01 207
01B 12 01C 01 20A
01C 21 000 01 203
01D 05 201 21 203
01E 0D 02A 00 000

02A 01 207 05 201
02B 21 207 01 205
02C 06 201 21 205
02D 10 032 01 203
02E 06 201 10 02F
02F 00 000 01 200
030 21 203 01 204
031 21 207 01 202
032 21 205 0D 010

200 00 000 00 000
201 00 000 00 001
202 00 000 00 013
203 00 000 00 000
204 00 000 00 300
205 00 000 00 013
206 00 000 00 100
207 00 000 00 300
208 00 000 00 000
209 00 000 00 000
20A 00 000 00 000

100 00 000 00 057
101 00 000 00 070
102 00 000 00 003
103 00 000 00 049
104 00 000 00 073
105 00 000 00 125
106 00 000 00 987
107 00 000 00 532
108 00 000 00 013
109 00 000 00 023
10A 00 000 00 125
10B 00 000 00 033
10C 00 000 00 043
10D 00 000 00 002
10E 00 000 00 410
10F 00 000 00 614
110 00 000 00 092
111 00 000 00 073
112 00 000 00 052
113 00 000 00 047

300 00 000 00 000
313 00 000 00 000